image: /home/jy/Cources/ME5413_AG/ME5413_Ag2/task2/data/resmap/res15-1/map.pgm
resolution: 0.050000
origin: [-4.409996, -34.920001, 0.000000]
negate: 0
occupied_thresh: 0.65
free_thresh: 0.196

