image: /home/jy/Cources/ME5413_AG/ME5413_Ag2/task2/data/resmap/res14-2/map.pgm
resolution: 0.050000
origin: [-1.699997, -33.700000, 0.000000]
negate: 0
occupied_thresh: 0.65
free_thresh: 0.196

