image: /home/jy/Cources/ME5413_AG/ME5413_Ag2/task2/data/resmap/res10_ds/map.pgm
resolution: 0.050000
origin: [-3.408303, -34.310706, 0.000000]
negate: 0
occupied_thresh: 0.65
free_thresh: 0.196

