image: /home/jy/Cources/ME5413_AG/ME5413_Ag2/task2/data/resmap/res15/map.pgm
resolution: 0.050000
origin: [-4.089996, -34.779999, 0.000000]
negate: 0
occupied_thresh: 0.65
free_thresh: 0.196

